rootIdx =  1
minF =  40
tmpN1 =  757
tmpN2 =  848
ans =

   757     1

ans =

   848     1

rootIdx =  2
minF =  63
tmpN1 =  672
tmpN2 =  85
ans =

   672     1

ans =

   85    1

rootIdx =  4
minF =  39
tmpN1 =  185
tmpN2 =  487
ans =

   185     1

ans =

   487     1

rootIdx =  8
minF =  42
tmpN1 = 0
tmpN2 =  185
ans =

   0   0

ans =

   185     1

rootIdx =  17
minF =  74
tmpN1 =  151
tmpN2 =  34
ans =

   151     1

ans =

   34    1

rootIdx =  9
minF =  75
tmpN1 =  54
tmpN2 =  433
ans =

   54    1

ans =

   433     1

rootIdx =  18
minF =  1
tmpN1 =  2
tmpN2 =  52
ans =

   2   1

ans =

   52    1

rootIdx =  19
minF =  51
tmpN1 =  43
tmpN2 =  390
ans =

   43    1

ans =

   390     1

rootIdx =  5
minF =  62
tmpN1 =  3
tmpN2 =  82
ans =

   3   1

ans =

   82    1

rootIdx =  11
minF =  64
tmpN1 = 0
tmpN2 =  82
ans =

   0   0

ans =

   82    1

rootIdx =  23
minF =  72
tmpN1 =  78
tmpN2 =  4
ans =

   78    1

ans =

   4   1

rootIdx =  3
minF =  73
tmpN1 =  415
tmpN2 =  433
ans =

   415     1

ans =

   433     1

rootIdx =  6
minF =  82
tmpN1 =  91
tmpN2 =  324
ans =

   91    1

ans =

   324     1

rootIdx =  12
minF =  4
tmpN1 =  15
tmpN2 =  76
ans =

   15    1

ans =

   76    1

rootIdx =  24
minF =  19
tmpN1 =  5
tmpN2 =  10
ans =

   5   1

ans =

   10    1

rootIdx =  25
minF =  35
tmpN1 =  9
tmpN2 =  67
ans =

   9   1

ans =

   67    1

rootIdx =  13
minF =  32
tmpN1 =  5
tmpN2 =  319
ans =

   5   1

ans =

   319     1

rootIdx =  26
minF =  78
tmpN1 =  1
tmpN2 =  4
ans =

   1   1

ans =

   4   1

rootIdx =  27
minF =  29
tmpN1 =  11
tmpN2 =  308
ans =

   11    1

ans =

   308     1

rootIdx =  7
minF =  49
tmpN1 =  74
tmpN2 =  359
ans =

   74    1

ans =

   359     1

rootIdx =  14
minF =  23
tmpN1 = 0
tmpN2 =  74
ans =

   0   0

ans =

   74    1

rootIdx =  29
minF =  52
tmpN1 = 0
tmpN2 =  74
ans =

   0   0

ans =

   74    1

rootIdx =  15
minF =  61
tmpN1 =  2
tmpN2 =  357
ans =

   2   1

ans =

   357     1

rootIdx =  30
minF =  8
tmpN1 = 0
tmpN2 =  2
ans =

   0   0

ans =

   2   1

rootIdx =  31
minF =  41
tmpN1 =  99
tmpN2 =  258
ans =

   99    1

ans =

   258     1

Elapsed time is 6.235 seconds.
